image: map.pgm
resolution: 0.1000000
origin: [-280.000000, -240.000000, 0.000000]
negate: 0
occupied_thresh: 0.65
free_thresh: 0.196